A2poker2 - SUMMARY

N = 10

Player1 vs Player2 : [0,0,0,0,0,0,0,0,0,0,
0,0,0,0,0,0,0,0,0,0,
0,0,0,0,0,0,0,0,0,0,
0,0,0,0,0,0,0,0,0,0,
0,0,0,0,0,0,0,0,0,0,
0,0,0,0,0,0,0,0,0,0,
0,0,0,0,0,0,0,0,0,0,
0,0,0,0,0,0,0,0,0,1,
0,0,0,0,0,0,0,1,2,2,
0,0,0,0,0,0,0,0,2,2]

Player1 win Frequency : [0,0,0,0,0,0,0,1,2,0]

Probability : [0,0,0,0,0,0,0,33.333333333333336,66.66666666666667,0]

% 16,302 inferences, 0.000 CPU in 0.499 seconds (0% CPU, Infinite Lips)


N = 100

Player1 vs Player2 : 
[0,0,0,0,0,0,0,0,0,0,
0,0,0,0,0,0,0,0,0,0,
0,0,0,0,0,0,0,0,0,0,
0,0,0,0,0,0,0,0,0,0,
0,0,0,0,0,0,0,0,1,0,
0,0,0,0,0,0,0,0,0,0,
0,0,0,0,0,0,0,1,0,0,
0,0,0,0,0,0,0,1,2,2,
0,0,0,0,0,0,0,1,17,26,
0,0,1,0,0,0,2,2,17,27]

Player1 win Frequency : [0,0,0,0,1,0,1,4,38,14]

Probability : [0,0,0,0,1.7241379310344827,0,1.7241379310344827,6.896551724137931,65.51724137931035,24.137931034482758]

% 158,089 inferences, 0.141 CPU in 4.654 seconds (3% CPU, 1124188 Lips)


N = 1000

Player1 vs Player2 : 
[0,0,0,0,0,0,0,0,0,0,
0,0,0,0,0,0,0,0,0,0,
0,0,0,0,0,0,0,0,0,0,
0,0,0,0,0,0,0,0,0,1,
0,0,0,0,0,0,0,0,1,2,
0,0,0,0,0,0,0,1,4,1,
0,0,0,0,0,0,1,1,9,9,
0,0,0,0,0,0,0,2,20,27,
0,0,0,0,0,0,7,27,194,206,
0,0,0,0,0,1,13,24,200,249]

Player1 win Frequency : [0,0,0,1,3,6,19,49,308,130]

Probability : [0,0,0,0.1937984496124031,0.5813953488372093,1.1627906976744187,3.682170542635659,9.496124031007753,59.689922480620154,25.1937984496124]

% 1,591,961 inferences, 1.266 CPU in 46.288 seconds (3% CPU, 1257846 Lips)



N = 10000


Player1 win Frequency : [0,0,4,17,15,41,197,445,3022,1252]

Probability : [0,0,0.08011215701982775,0.34047666733426796,0.3004205888243541,0.8211496094532346,3.945523733226517,8.912477468455839,60.52473462847987,25.075105147206088]

% 13,716,494 inferences, 13.281 CPU in 452.506 seconds (3% CPU, 1032771 Lips)

N = 10000 (ten thousand) ran for nearly 7 minutes. I terminated N = 100000 (hundred thousand) and N = 1000000 (one million) in between as it also crosses 3 minutes.
